2005 548,700 756 50,017 125,529 143,446 133,741 75,728 17,982 1,433 68
2004 544,685 696 49,737 124,309 141,608 134,578 74,580 17,926 1,201 50
2003 540,827 710 49,330 123,815 140,556 134,809 72,662 17,692 1,216 37
2002 529,245 743 50,201 123,056 137,237 130,368 69,873 16,553 1,176 38
2001 527,371 810 52,966 123,227 136,439 127,946 68,829 16,037 1,078 39
2000 531,285 895 55,373 122,591 139,615 127,502 68,685 15,614 957 53
1999 518,073 1,038 56,577 120,270 137,637 121,779 65,532 14,272 904 64
1998 521,265 1,066 58,141 121,317 140,369 121,326 64,210 14,010 777 49
1997 524,174 1,256 59,851 122,924 141,195 121,938 62,674 13,506 766 64
1996 538,628 1,485 63,118 127,431 145,795 125,030 61,836 13,158 685 90
1995 551,226 1,640 66,644 132,607 148,585 127,853 60,577 12,573 679 68
1994 567,034 1,687 68,198 140,172 154,705 129,926 59,550 12,054 668 74
1993 584,483 1,572 68,519 149,047 163,262 131,438 58,505 11,458 572 110
1992 600,838 1,595 69,272 155,065 171,278 133,205 58,660 11,077 535 151
1991 609,228 1,469 70,322 158,779 177,516 133,192 56,654 10,653 472 171
1990 611,666 1,390 69,560 159,405 182,923 133,423 54,471 9,748 447 299
1989 569,308 1,332 63,603 147,737 174,700 123,080 49,370 8,588 339 559
1988 532,708 1,088 57,806 139,238 166,288 115,515 44,864 7,434 330 145
1987 503,376 983 53,586 135,924 158,120 107,459 40,294 6,527 323 160
1986 481,905 901 51,817 135,304 152,386 98,756 36,822 5,410 296 213
1985 470,816 890 50,365 136,985 149,523 94,067 33,578 4,953 240 215
1984 447,394 927 49,130 134,540 141,813 86,243 29,728 4,530 256 227
1983 435,722 853 50,391 134,387 137,197 81,288 27,110 4,103 215 178
1982 429,631 851 53,170 136,388 134,830 76,090 24,205 3,734 220 143
1981 420,418 876 55,004 137,056 129,334 73,234 20,977 3,587 191 159
1980 402,720 765 54,756 133,504 122,979 67,815 19,276 3,226 164 235
1979 379,187 806 53,925 126,554 115,190 61,916 17,430 3,008 179 179
1978 356,156 794 52,774 120,378 108,141 55,614 15,430 2,715 137 173
1977 347,576 868 52,957 119,103 106,147 51,249 14,297 2,749 151 55
1976 332,105 846 52,854 113,994 102,354 45,552 13,677 2,597 180 51
1975 317,318 869 52,528 109,563 97,025 41,771 12,592 2,756 174 40
1974 311,668 824 51,929 109,149 94,075 40,249 12,567 2,672 158 45
1973 297,834 740 50,907 105,361 88,232 37,383 12,147 2,831 196 37
1972 306,375 820 52,329 110,639 88,679 37,600 12,876 3,214 178 40
1971 329,826 750 53,715 125,177 91,849 39,460 14,741 3,866 222 46
1970 362,652 744 61,013 137,283 99,022 43,005 16,916 4,369 254 46
1969 352,937 681 58,753 133,409 95,621 41,847 17,569 4,731 282 44
1968 339,221 674 57,722 128,586 88,215 40,450 18,134 5,093 310 37
1967 336,584 635 58,608 126,597 83,140 41,664 19,841 5,729 335 35
1966 337,623 572 59,517 122,823 83,010 43,441 21,702 6,194 341 23
1965 355,074 531 57,700 128,304 88,199 48,446 24,529 6,965 369 31
1964 374,587 525 57,248 137,151 93,823 52,256 26,171 7,056 326 31
1963 380,505 509 57,068 139,040 95,284 53,837 27,281 7,121 328 37
1962 378,347 536 57,631 134,639 94,653 54,619 28,689 7,238 322 20
1961 381,198 487 57,040 132,238 96,532 57,559 29,771 7,204 341 26
1960 371,799 443 54,010 128,313 94,704 57,569 29,540 6,865 338 17